6.691536378167187422e+02,5.034996725011694707e+01,3.750768677513053717e+02,1.774624752517473780e+02,1.731956179793852186e+02,3.527034998865980242e+02,4.639133897302109517e+02,1.978776568250503374e+02,2.798777107805344713e+02,1.107977665139212036e+02,1.180775038399517456e+02,2.697092131053033199e+02,2.160167616109735604e+02,1.493829199731430037e+02,1.268777937969064595e+01,1.722251143939845406e+02,3.146629776252115676e+02,2.424054754357538570e+02,8.828652786159579824e-01,1.844940976134552955e+02,2.307998100142642670e+02,2.843620235532156926e+02,4.346094790883677774e+02,2.438441903544618583e+02,4.764245233636221855e+01,1.091646485544065541e+02,1.183603995631114572e+02,4.927329732189129459e+02,1.278143077629435709e+02,1.115947066872759308e+02,2.941400371927861102e+02,2.134150316871720179e+02,3.358096497829706664e+02,2.227861622856687873e+01,5.446090687819348659e+02,3.117605586692783959e+02,1.604062752260184368e+02,1.151876265025116766e+02,2.947033539071762789e+02,1.162931648717391795e+02,4.453150687277596944e+02,1.046489967921875746e+02,3.609300750774160633e+02,2.410369166137878238e+01,3.596221574310911251e+02,3.008617221118026919e+02,2.161445588988408986e+02,3.063853107506319020e+02,3.297562302137133088e+02,2.968445886881729621e+02,8.657556249819745631e+01,1.382768066353557046e+01,1.669576951339609820e+02,1.682123908250934790e+02,1.823256603910526792e+02,1.682284663676367131e+02,2.917521620143004384e+02,3.907166689357521818e+02,1.661970440561276803e+02,3.395232611235456943e+02,1.790597397760355420e+02,3.081635996980495520e+02,1.344250372474390076e+02,4.372639970158045344e+02,2.859662387561609194e+02,1.455978324068371421e+02,4.689660471993676083e+02,3.171398193033618327e+02,3.292793951761673270e+02,3.193207793174731819e+02,5.561258065464838865e+02,4.164529802707595536e+02,8.673664895351103610e+01,1.365207271573173102e+02,1.958226569412034905e+02,1.216481305888842535e+01,1.283271486939719921e+02,6.020574641460996901e+01,5.387226087757717323e+02,1.854567612215556380e+02,4.156050939774483766e+01,2.919160240013937369e+02,2.668631947981150887e+01,1.401606785604743379e+02,2.676460966187297572e+02,3.173960731861759541e+02,3.589231184211271852e+01,3.342530403731957449e+02,2.684089741013123671e+02,6.434481802770383183e+02,2.253466513676891907e+02,2.164772530068212291e+02,1.032583339072915578e+02,1.406779202535793445e+02,5.332874396328387547e+02,3.322915233457447926e+02,3.714929101738220538e+02,4.593641698772632935e+02,1.796024690057432736e+02,2.239795150474676291e+02
9.320537269748992912e+02,6.291225154864963542e+02,3.083418118886773982e+02,4.699144914834387805e+02,7.362184320265353108e+02,7.652602965678369173e+02,6.721954122040119728e+02,8.479252637463599740e+02,8.630601831113958724e+02,4.496834811218881782e+02,1.787788610521430854e+01,1.174811232969524042e+02,9.207973167720957690e+02,5.718787652011701539e+02,6.087497352492566733e+02,1.839149660313063919e+02,3.903480680966764567e+02,4.704021164411675500e+02,6.687911332504339725e+02,5.505227795952544056e+02,1.096417671775929193e+03,8.438693590758878145e+02,7.167414959230501381e+01,6.635496085882900843e+02,6.255299540604318054e+02,7.683145195407441861e+02,1.416911878031562537e+02,8.820236933801514851e+02,4.419217240118102836e+02,1.044095547910135338e+02,8.466148626844714045e+02,2.635617458323175128e+02,4.816779440822061247e+02,4.299820622703316531e+02,6.208854296771883128e+02,7.118347927903718073e+02,3.899152675733129172e+02,4.616721248873963646e+02,9.532151857455016852e+02,5.288649377185131470e+02,8.538558348630747332e+02,1.991674228374170639e+02,1.543050653457550823e+02,8.110936458361765062e+02,1.156894691803489650e+03,1.677053719630445414e+02,7.013357844197223585e+02,8.485352990998906080e+02,5.047961269085586764e+02,6.141046597832365705e+02,1.016032878625032254e+03,4.094405070786216925e+02,7.326233077300869354e+02,1.988581475741204372e+02,4.186210232213708196e+02,6.025158149980136386e+02,2.181969979124162364e+02,6.596493631741640229e+02,6.491734803245814192e+02,4.811189700968791385e+02,5.726157521839584206e+02,5.173739874255284121e+02,1.727581007832253022e+02,1.792583294329365913e+02,8.716655236972206922e+02,2.863045854198618940e+02,5.063849767224785410e+02,4.657929059983089246e+02,5.537938151485292337e+02,5.859407495888095809e+02,7.487646831844036797e+02,4.998082068608889585e+02,8.184838065249736019e+02,7.243053896860852774e+02,4.085620679739245276e+01,4.872458782366533683e+02,5.411790268943300362e+02,5.220413197796766553e+02,4.796427394538009708e+02,6.495914734760978035e+02,8.055999608468539464e+02,6.487988997986391269e+02,7.508687283274402944e+02,4.365021757576496384e+02,9.540823838219126856e+02,1.004719793929317802e+03,7.871971934841649272e+02,4.159670383658267383e+02,2.611299074855383537e+02,2.179430408456940711e+02,1.422045275573669016e+02,2.454015971884475107e+02,5.567519837666241074e+02,5.202825827288124856e+02,3.554892568160238397e+02,1.196352830230409381e+03,7.290195871360812134e+02,5.645745497844609417e+02,6.969618339358419234e+02,2.105241811488581618e+02
9.380610346953535839e+01,3.459170880461213642e+02,5.466579932583301797e+02,1.725655578494046551e+02,3.596642745667008256e+01,4.077743587843971227e+02,3.287105265645445229e+02,1.038451017015957518e+02,4.449716192302084323e+02,3.587345104593454153e+02,3.639435242732382108e+02,4.688347705598835091e+02,1.026940288979987201e+02,2.388089154848918270e+02,6.438837835585954394e+01,3.856629128921888423e+02,5.056483874480293821e+02,7.617351091473294673e+02,5.141601131947508065e+02,1.622170322483076177e+02,4.654217640684944399e+02,2.996724800723226281e+02,1.042360283820915896e+02,2.702878142645043340e+02,1.789996155566494167e+02,4.260238610837642881e+00,1.561319361061474922e+02,4.284163464928428198e+02,3.669803525778572180e+02,5.263937821524538094e+02,2.822075238485309114e+02,7.004619760011516405e+01,1.964022439521515935e+02,4.442665082604220288e+02,1.489442080476813715e+02,7.372745035306400041e+02,2.894312071092219298e+02,6.380728810882145829e+00,1.462567579760427066e+02,4.270833355523880641e+02,1.342359152963931876e+02,1.369009700268645418e+02,2.810303782805883657e+02,4.009736383887955071e+02,2.647572136768323503e+02,1.872521928224059877e+02,7.045305491756297442e+02,2.834407635333671465e+02,4.883748179371504534e+02,2.075871664386389170e+02,2.668028868970794178e+02,3.534107384273047501e+02,3.059347077853941528e+02,4.888198578379066248e+02,3.950951314210885812e+02,3.599698196040503149e+02,4.719887805348515144e+02,7.840914714534587802e+02,3.439449811043999716e+02,2.868326108561137744e+02,6.060648408767190176e+02,4.678548975642260643e+01,4.740535036366694612e+02,4.095483835974920908e+02,5.798218943672167143e+02,9.297205254874555180e+01,3.118088147583250134e+02,3.784008111547255027e+01,5.813230586369993489e+02,4.464033319769578725e+02,3.700676150756313518e+02,6.269418985096017138e+01,3.874329180490993849e+02,4.438425966553012927e+02,3.648881274798533241e+02,2.592468403307683502e+02,5.231650314658832031e+02,1.615200225681325605e+02,1.841918747041721645e+02,1.576553889352421436e+02,4.934227401180008314e+02,2.844492026510292249e+02,2.119523357752614174e+02,6.989622145218146443e+02,4.073082347413744060e+02,5.730411173716919393e+02,2.548584207246756250e+02,3.237825097344041296e+02,1.317904214037054089e+02,3.635107050833486824e+02,3.549948194792261233e+02,2.464846262661006335e+02,3.485050464812097175e+02,6.305654914798249138e+02,6.956811063218686968e+02,5.824045797620190115e+02,2.820741946283878860e+02,3.439936356667911355e+02,3.713497717026278906e+02,6.577579841359727197e+02
1.333770176597854231e+02,6.264221671554098521e+02,1.741412118227644328e+02,2.924263793085260659e+02,3.583134068971690454e+02,4.138370594301163692e+02,4.485076977030603871e+02,4.831184235986315230e+02,5.486456273679727929e+02,2.238989989500576030e+02,2.846456120423527523e+02,2.369639910580062008e+02,3.310079848382567889e+02,4.421133176341153330e+02,2.510782943007950792e+02,4.903516823102053195e+02,3.008358303047965592e+02,3.850139496312953611e+02,1.171054911561504781e+02,4.889209150185330373e+02,2.996746367389737884e+02,5.765316758272936113e+02,4.905838140379080983e+02,4.324784366257881061e+02,4.034735031063163433e+02,3.911461603099427293e+02,6.204770380701809245e+02,1.436112806921773313e+02,4.964548515569907750e+02,4.695604803953001465e+02,6.110127028258388009e+02,1.989314552198139552e+02,5.479176620180768396e+02,3.233373678419655448e+02,3.642234291587349730e+02,6.432295458085634436e+02,6.534704649365144178e+02,1.641948882979382915e+02,3.433153067241489680e+02,4.080285435213519918e+02,5.948457204066680788e+02,3.687173044662163761e+02,2.730535025591388489e+02,2.445273049274397295e+02,9.315603979928953038e+01,2.579423706694681186e+02,2.614163487553759637e+02,1.454294522316758389e+02,6.551699501098080418e+02,1.043897310682270074e+02,2.512757797764990073e+02,1.943768931973453675e+02,1.793245614493918652e+02,2.037129442708311728e+02,3.556394895659408917e+02,5.338546700307903166e+02,4.522341030110777638e+02,5.811408193847332768e+02,4.812863894389660118e+02,5.011351903616499612e+02,1.927999266238069822e+02,4.477870484280265373e+02,4.674545026160783436e+02,4.477380731304912160e+02,1.319156756074831662e+02,2.829928678758158185e+02,2.461907424227298122e+02,1.811867924067847184e+02,2.199768533502269463e+02,3.691162367079700743e+02,2.319245458837917226e+02,2.170531703446880840e+02,1.779116484350879546e+02,4.697689213946198379e+02,2.793727282345639651e+02,2.239086855826324722e+02,2.824367068023861975e+02,1.785096107445888265e+02,4.301263102522730151e+02,3.155620062494052149e+02,5.310433523896261931e+01,1.843885060189176386e+02,3.173608965111411635e+02,5.539415661736973107e+02,2.704377654819639361e+02,5.363311778987649632e+02,5.202150138059176925e+02,5.318349798918627584e+02,5.690314473917277382e+02,2.521144333160466999e+02,7.502413524482111029e+01,2.997021090975792390e+02,2.221614264767610507e+02,3.554689378277043943e+02,4.591500322772403138e+02,6.433753281529704964e+02,5.659955290759450008e+02,4.049234237326099901e+02,5.644603755925427322e+02,3.088894125447463352e+02
1.757860728796318881e+02,2.166381080743975076e+02,4.910493849978624326e+01,2.813436532742898066e+02,2.252288434718438452e+02,2.087056584683795677e+02,2.351276491538233131e+02,1.386285734536339191e+02,1.959022030666978935e+02,1.341092671182746017e+02,4.111324216187578884e+01,1.381832653750467443e+02,3.514666693262601598e+02,1.405630066514518433e+02,2.235592267334754411e+02,1.220769125123795504e+02,4.301949449895510469e+01,9.500169316636939243e+01,1.692277822152969691e+01,1.063206312845971411e+02,1.346582122320242831e+02,1.606286402238443145e+02,1.577839967094627127e+02,1.019424983036770982e+02,4.944405742043807095e+01,1.037324841993188045e+02,2.883161345437569594e+02,4.854197354919462981e+01,2.258547521547377244e+02,2.147597501126500674e+02,1.097812051350495608e+02,1.956900002433283419e+02,2.022313413837489406e+02,1.457588091696457013e+02,2.137225217559413295e+02,8.363047625233167537e+01,1.258653229626713284e+02,1.225251166718713591e+02,2.426183301055755237e+02,1.849639255042503692e+02,9.622514512387769514e+01,6.008348937447389915e+01,1.252830642720707601e+02,7.406682212268992771e+01,1.624979075474486763e+02,1.187700059631252856e+02,3.310138021563845996e+02,1.482830091875715937e+02,9.037584160923415766e+01,3.445103553399817553e+00,1.754711276566640095e+02,2.040977096818228915e+02,1.689139704180166177e+02,1.949855610975801596e+02,9.346656780836099188e+01,2.204119925694854771e+02,2.036517113229490974e+02,2.494870618932740172e+02,1.564924632097110475e+02,1.323441690578054022e+02,1.239915886378939547e+02,1.204682402619411050e+02,1.973955086248380439e+02,1.184368935171475528e+02,7.261879947837229565e+01,7.192888519259400937e+01,1.816075120602223194e+02,1.899441926077456628e+02,2.745172908162209637e+02,2.881528609033718453e+02,2.278022987270205419e+02,2.317341310329366877e+01,2.658076662911591370e+01,1.115607476630165174e+01,1.539331099336224042e+02,1.712629913458851547e+02,2.315964230973380324e+02,1.996653411360493919e+02,1.770169059884190119e+02,1.743430315534010902e+02,9.460353226392268766e+01,6.658860874050964185e+01,6.589876910723941705e+01,9.573453670601584520e+01,2.142645288807123052e+02,1.384981856958897595e+02,2.006841261961105829e+02,1.117319991264800905e+02,6.266177513760992213e+01,8.081388228419262987e+01,7.966945205622296555e+01,1.177679209099051150e+02,1.023621859559227829e+02,7.545396376313230746e+01,1.433651212299477038e+02,1.890370555919325852e+02,2.172572664912443372e+02,1.141383657015244637e+02,7.158134879957212604e+01,1.316662394653571084e+02
2.362955043616428554e+02,1.359821564345743923e+02,3.695670201260896874e+02,4.389193801615494408e+02,3.839553620374247771e+02,5.507826454891284129e+02,5.786610618244599209e+02,3.677101790139399782e+02,2.267760146729933695e+02,1.683390280344665371e+02,1.710939335045941050e+02,5.416084445012181732e+02,4.549746486280425870e+02,4.746792625270015265e+01,6.667641054520113357e+02,1.504904317145915513e+02,1.429798495619690755e+02,4.566567975889730491e+01,5.375664169830638457e+02,4.149178272647497465e+02,4.184287168000830661e+02,3.393520074841472365e+02,3.788930017921768467e+02,2.748386790616679605e+02,2.813108410554598890e+02,3.249413940279583244e+02,1.731951804408121234e+02,4.056490209244348648e+02,2.349398696484790605e+02,4.916439670600262275e+02,7.690234469222216376e+02,4.022048968024313353e+02,7.453294571394824288e+02,7.177531017048452213e+02,3.395815342497158440e+02,3.127848408096209027e+02,7.281662997531020665e+02,4.730096739251479789e+02,3.693951642244515483e+02,6.141149302286587499e+02,4.274483717625319059e+02,1.065272481143039158e+02,8.130065864357841576e+01,6.114257360104497820e+02,4.434927688429961563e+02,4.233136323131969903e+02,4.381769993771256964e+02,3.159293687469683505e+02,6.173698615444176312e+02,2.586059802302780781e+02,3.644366873127002577e+02,7.326743098106870775e+02,3.009247686721577111e+02,3.616832740962174739e+02,5.690295666598013895e+02,5.186089578309085368e+01,4.226636284385747331e+02,4.792050225319458150e+02,5.022827710271517390e+02,5.691956703415787615e+02,4.916131385478489051e+02,3.203029136032726569e+02,4.340703012990135221e+02,3.903577740195559613e+02,2.586716016388513708e+02,4.393229679035928257e+02,4.885233767478615050e+02,4.489482005276831167e+00,3.150034655337036043e+02,8.218009337455379182e+01,5.569618216143007885e+02,3.365387961236646106e+02,1.825289310939475058e+02,5.346934088646635246e+02,4.190038228079924352e+02,6.155367446269842446e+01,4.827442799080010900e+02,2.172800297848606377e+01,9.414756405928693539e+01,2.414822143232910037e+02,3.320044029741079612e+02,7.412142262714276342e+01,3.989969856786173636e+02,5.003527930533585391e+02,1.149023889102140288e+02,5.979742842882908462e+02,7.377229384012562718e+01,3.338236030253495983e+02,6.061734353087620093e+02,4.378006714000448483e+02,4.614318456101086099e+02,2.269320021675697419e+01,5.217129019622027499e+02,6.215856517284031497e+02,5.129862903870866830e+02,5.229486696294659396e+02,1.306632295948139131e+02,4.428638151804863128e+02,2.184646304111529957e+02,2.127518209651496193e+02
1.670199911878208923e+02,4.688057715747468990e+01,2.631978685995253500e+02,3.248894133721213962e+02,4.032425239060986542e+02,1.843004585774586985e+02,3.241328030939973814e+02,2.717497579312680500e+02,1.397732030328163830e+02,2.593596961563922605e+02,2.734650713670903315e+02,2.119266927694212370e+02,2.340228983428934555e+02,2.339726009521435230e+02,1.985191060736661228e+01,1.633226063190062689e+02,4.247981873729781341e+02,1.823984584014301618e+02,7.182316050151763775e+00,3.032023896883326302e+02,1.952644018070714083e+02,4.128393529394875827e+02,4.965432899884278868e+02,2.749563337881465941e+02,2.118203372568852672e+02,3.095132508602089274e+02,2.061067401993099679e+02,4.256941429301530206e+02,2.742937293978473576e+02,2.100193373346037902e+02,1.964792996794989790e+02,2.293467884367266265e+02,1.914712098249530641e+02,3.984480916940995598e+02,2.096998346355105696e+02,3.258109229882311411e+02,1.427937108129026171e+02,2.077882457078790139e+02,3.443060292535657254e+02,2.990794858116963155e+02,1.111369613569223560e+02,1.795909070039901110e+02,4.091229587665807799e+02,2.925917030585683278e+02,2.967085892849833044e+02,4.517322413490013560e+02,2.706056732733599688e+02,2.905165703075415990e+02,9.041969430001670105e+01,7.833683138045043393e+01,3.336819028473380513e+02,1.318202824407430853e+02,1.709390452625862622e+02,2.737815592709989687e+02,3.102921989102524094e+02,3.431261254011613460e+02,1.126449864282441951e+02,2.563354787817514193e+02,3.543583233296133130e+02,3.021810526274684889e+02,2.219830217791026996e+02,1.084329850301560612e+02,1.133255131351041882e+02,1.621098450249189966e+02,2.109037972165222072e+02,5.332396199068399056e+01,1.104828046674684572e+02,3.872382216573488734e+01,1.502336896050955488e+02,3.803715229575718695e+02,1.705353147780424763e+02,1.499182278205636294e+02,2.649162228873340297e+01,4.368169258714046066e+01,1.080918034612501373e+02,9.096735896980692360e+01,2.658857853840487451e+02,3.556291794209084856e+02,2.504219104737655641e+02,2.080668958468772018e+02,1.604750515703307769e+02,1.888034962045285283e+02,3.360708040669824186e+02,3.710044110080810356e+02,1.033220976610972315e+02,1.954942748587491508e+02,3.622166744791788346e+02,4.357788386011968100e+02,2.140855266274597000e+02,2.605241896299393716e+02,9.572661667526642759e+01,1.537943226004243513e+02,5.559985879481953219e+00,1.329568177902858395e+02,1.259083026248916610e+02,2.118875556105101055e+02,9.038898132374336569e+01,3.475858072744272249e+02,1.992838888172993279e+02,1.896687129975297808e+02
1.952601912788200025e+02,1.320020387642545074e+02,3.135303262543982328e+02,1.660273494915611536e+02,3.707467683995009224e+02,6.952623733302277742e+02,1.107067339641234014e+02,3.301186501539981464e+02,4.545275789829324822e+02,2.863928741202673578e+01,2.549267699043118967e+02,3.358616799402855690e+01,1.681628998763511902e+02,3.346255471230437593e+02,1.850113456178968647e+02,5.054714927654091525e+02,7.551232742544733867e+01,1.829015005395981177e+02,5.296188594268270435e+02,2.430065034193263500e+02,3.220865572103708132e+02,3.187367422999597579e+02,2.746392746176351807e+02,2.733893131554079332e+02,2.674219501153533542e+02,4.419998041049458379e+02,5.143904332010586131e+02,1.235193676930420992e+02,5.886480642400297256e+02,4.694526286778840358e+02,3.102611311633862670e+02,4.522017152754515337e+02,5.672000364997066981e+02,2.472224117883686461e+02,6.086007292613578556e+02,1.356239970563854627e+02,1.113137354128088106e+02,4.134357366952564234e+02,4.724432689409471777e+02,2.773208970294506344e+02,3.525486691450835792e+02,2.777108944567033859e+02,2.890470181001262517e+02,2.650164308814236165e+02,1.216363966816592921e+02,1.285035667152113490e+02,3.608292989957346890e+02,5.463214798008841626e+02,6.924867094092304498e+00,3.217131714586869862e+02,4.755791238664381240e+02,4.709821750616141571e+02,2.426282413139186929e+02,4.229117844274779259e+02,4.910855223609908080e+02,4.708434919644470256e+02,5.750461820563086803e+02,6.447660468871217176e+01,4.475833337080123329e+02,1.644132262934899416e+02,4.517245921037114726e+02,1.730028038760638651e+02,1.163991793673014286e+02,3.495691793369674087e+02,7.025580538939109942e+01,1.937257541531870402e+02,3.988340934034450243e+02,3.120516719053705970e+02,9.192593908111085454e+01,3.765327865167083132e+01,3.588177444643563376e+02,3.482641470303027518e+02,2.635113390179708404e+02,3.841482106977245508e+02,3.430337052361302881e+02,1.672599418201569677e+02,5.464228505011708421e+02,1.057206343087092080e+02,2.695654098560877401e+02,6.695823465723635763e+02,9.343750758470213214e+01,8.887390833582014693e+01,5.985058349934022317e+02,1.875344853075398817e+02,1.976230629968193284e+02,3.602989863110390729e+02,6.523253283742469932e+01,2.180995123582754331e+02,2.983933640913843988e+02,1.990982680819321899e+02,2.844305665562181957e+02,3.134439885944460684e+02,2.975496487681787130e+02,2.668879572940338676e+02,2.251367268240467752e+02,5.726861080938909936e+02,3.649626225558764077e+02,6.777125384922170204e-01,3.743298024159138890e+02,1.934014552637778479e+02
1.160334302544306695e+00,3.774588189449222568e+02,3.396378546207955651e+02,5.430235758113601605e+02,2.415310331309376011e+02,3.330079594390196576e+02,3.743881576939199931e+02,2.141068534923939808e+02,4.566383766381671450e+01,1.764430605063763835e+02,1.046373165141884840e+02,2.562733046782084045e+01,6.798982184523953265e+02,5.442380239498716321e+01,2.824863339348692648e+02,4.289234679008623630e+02,9.626234661652583213e+01,2.817042267352078397e+02,1.692291677192447708e+01,1.325094202670988182e+02,3.209463536969774395e+02,1.572728799865268456e+02,4.450126535732454158e+01,1.539012000648446588e+02,3.441648422827537388e+02,4.998146477505783736e+01,4.293924996809962522e+02,3.755333006869745986e+02,3.198785200922545755e+02,3.246183234106900954e+02,1.066760575567947171e+02,5.276570079619579019e+02,7.329107411946935144e+02,4.441896330854970643e+02,2.286660185952317761e+02,1.927501700432225675e+02,4.834636027214309024e+02,6.586473718779726028e+01,1.254211103306229518e+02,3.230869223022835968e+02,4.210114864258896432e+02,1.958156184253186325e+02,1.421240566762683670e+02,4.932487170950300310e+02,2.169574883780609653e+01,3.560884255109768333e+02,1.358145063543666424e+02,1.291775385657284403e+02,1.205411323353139323e+02,6.186536888644326382e+02,5.433934640874809929e+02,2.712267129096989038e+02,5.609506425093189819e+02,6.885035127040270098e+00,1.015703418678521075e+02,5.093615359231811794e+02,3.022874502950621149e+02,4.154524119679393834e+02,3.008625728871830063e+01,2.374661711795552037e+02,3.097672572872504588e+02,4.028828148262507511e+02,1.445968221640538616e+02,4.389425765265405062e+02,3.295513740333954189e+01,1.965931584959095346e+02,4.028264554862754494e+02,4.044788963918512081e+02,1.152344276482735950e+02,7.094553823708926643e+01,3.186980726536665998e+02,3.703642555338411171e+02,1.507214699487904284e+02,5.480400019141503662e+02,2.343220596526058443e+02,1.260819858317305915e+02,9.798466451901010288e+00,2.656163627329679002e+02,3.292029407245364609e+02,4.701537532618545789e+00,2.383188667720743297e+02,3.198503808873083472e+02,1.360613028459763711e+02,3.105250599185642386e+02,6.490895489843370569e+01,5.189280643518047782e+02,2.379804386840434631e+02,3.694816730725489151e+02,3.283449715554160093e+02,4.109827417932558546e+02,3.077792753390871212e+02,2.115853899334021548e+02,2.423591658332982206e+02,2.405711217309220160e+02,2.768848939962072677e+02,2.292334158545987179e+02,2.891634444709633271e+02,2.829971260651968237e+02,3.219851254278638635e+02,3.134235982249738299e+02
6.013375391479371501e+01,5.407327880766724775e+02,6.253906223589016236e+02,1.681245785048003540e+02,6.293893239871645164e+02,3.260659640695499206e+02,3.801729874528213031e+02,4.167022533187682711e+02,3.821314536282442873e+02,8.066500065951753129e+01,1.642700821160846374e+02,2.992244991373341350e+02,2.319945526804034728e+02,6.502206788119551675e+02,4.351844917199695146e+02,8.801001546825331445e+01,3.751680959705420264e+02,2.278058423421779253e+02,2.122129488807012763e+02,2.144257642863144042e+02,2.693730740565766268e+02,4.964971074024124391e+02,7.603749051882780918e+01,3.172746142640557920e+01,5.733834090524185285e+02,4.206866460370545155e+02,1.800156920003180403e+02,1.934593476293915444e+02,4.853862778574373351e+02,6.210915315306756668e+01,8.688250308684678203e+02,7.318805572819969711e+02,4.180035674943873687e+02,3.316771168615178453e+02,4.916676366510249636e+02,4.536441846794441517e+02,4.174353765909573895e+02,8.707862484091511135e+01,4.166071280623925333e+01,5.161911907754576987e+02,6.389765190308255569e+02,5.535018392026522633e+02,6.595084331788293639e+02,4.429086703098968769e+02,3.564635471199683820e+02,5.293660505173857018e+02,7.257129777364542633e+01,4.055027481133359402e+01,2.804119515343701892e+02,3.888408391978325085e+02,1.409311210530835190e+01,6.303937775744274319e+01,4.648676092692604698e+02,9.618971221721869824e+01,2.686358025898807682e+02,1.473343241807310449e+02,3.427194565605418006e+02,1.984510659402679948e+02,5.247989974962159749e+02,6.977326241074769086e+01,7.441020240907175776e+01,2.838603513173510464e+02,5.579343567696760147e+02,4.600356536989025926e+02,6.008347009486683419e+02,1.817403208429549366e+01,6.343666439652602094e+02,4.906150377155914271e+02,3.563300017632823824e+02,1.168046564906478579e+02,2.782166561917499621e+02,2.896222831120859382e+02,1.342745923966922419e+02,9.166595747796963067e+00,2.919845252730479501e+02,7.877794797772982349e+01,3.677012847482802158e+02,4.287438719694391125e+02,6.167812490922053570e+01,5.789771678325734001e+02,3.717479290244744448e+02,1.701062578307735578e+02,5.992153122048335945e+02,1.854250537457824635e+02,2.802464582597967819e+02,5.004748183042547680e+02,5.295049335354574538e+01,1.834939873438895859e+02,1.065055182570031178e+02,4.789692076534767011e+02,3.628947145588720105e+02,7.315196455456050444e+02,6.415689478262555667e+02,5.563903038452510827e+02,8.782385138560943050e-01,4.314276533184004165e+02,4.066149429610210291e+02,1.956833381518172814e+02,1.939139967988459148e+02,4.795722523047938921e+02
6.151134806371426293e+02,5.331656526566976595e+01,3.988439313270520756e+02,4.310982692301168981e+02,4.558042586133707914e+02,3.771578191268173441e+02,3.767200132156857535e+02,4.442880353068505883e+02,1.408480122672687855e+02,3.484813624669495198e+02,2.389074817717754513e+02,2.116428692824227653e+02,2.181518402457544425e+02,3.780361967881340206e+02,6.700261526154704370e+02,1.949420218281079258e+02,5.517081634260468945e+02,1.551903998144473462e+02,6.239538091969167226e+02,3.824659844304065928e+02,3.284485626286571005e+02,9.994233115952451385e+01,3.835994442476587096e+02,2.092041015186559889e+02,2.083926503355885700e+02,2.283485859845915513e+02,5.436998960062039714e+02,4.450166797214375833e+02,9.556223409645134836e+01,1.075735695691157332e+02,2.365531885820432194e+02,3.382933497443997339e+02,1.784421787489492317e+02,2.626330018169888945e+02,4.707993266497559830e+02,5.201342096422470149e+02,1.135450621201153467e+02,2.863018514852435032e+02,5.374647566290830127e+02,4.982964456903599171e+02,4.679444848712230396e+02,2.430499603794120844e+02,2.164483345803914460e+02,4.356275201039870240e+02,2.421563439896657144e+02,4.825463971877157974e+02,5.408690612212365068e+02,2.654750083904903590e+02,3.429112707184550004e+02,2.176184908989721407e+02,2.827655902386601383e+02,1.112107980103995288e+02,3.122309327213947086e+02,1.240210958610925900e+02,1.546673858072225585e+02,3.548276837564910124e+02,1.327903441080882487e+02,4.336531131052444010e+01,2.844802526217479226e+02,3.912297418401177538e+02,2.667229536803421865e+02,3.814509118124640850e+02,3.103483619731331942e+02,4.823201599320609034e+02,4.624348698690184847e+02,6.400502883853888534e+02,1.839810792149561962e+02,4.068321506719491936e+02,1.815910899946435393e+02,6.231528794440882848e+02,3.742826120294139969e+02,3.317005009306014358e+02,3.271126157523449365e+02,2.930073511322659670e+02,3.837992424356136212e+02,2.424567762333030032e+02,1.282125574667948342e+02,1.058986224499862345e+02,7.287393857198615024e+02,1.940827655252132615e+02,8.853688461212101402e+01,4.382186869139985674e+02,4.476961559647854187e+02,6.510149751501333526e+01,3.802654180197509390e+02,2.668776141488033318e+02,3.917829790086209840e+01,7.738278816808160343e+01,5.323392427000429734e+02,2.094250874468171020e+01,8.948367708687119659e+01,1.644926981827087786e+02,4.052379521703975911e+02,3.976478648788785222e+02,5.907011833541422448e+02,4.303224499555125817e+02,3.041669739364202201e+02,3.808009280667192797e+02,3.303876950047527998e+02,6.871180278779395394e+02
1.462929598301371072e+02,2.270080049372074313e+02,5.210781569755018836e+02,1.122175868705880220e+02,2.179719557818392843e+02,3.280295738097513549e+02,1.907316423046653995e+02,1.620147770782723740e+02,1.618653917501548847e+02,4.273423861196729376e+02,1.604097736332422528e+02,2.379185825197129418e+02,6.647675685464352568e+01,2.846000408419834571e+02,2.961441970297289004e+02,5.468373835132555882e+01,5.303701197146535833e+02,4.491273477547457560e+02,8.679847722667307153e+01,6.721504431278002301e+01,2.213870961301088585e+02,2.587990970301234483e+02,2.810015130581456333e+02,1.733871647261427427e+02,2.601061225630729155e+02,4.017835818949889131e+02,2.512409684820481175e+02,2.643602175250213122e+02,1.272142194558493316e+02,4.864773281325414018e+02,2.760209378423352859e+02,3.837884965941934752e+02,5.718242724643968700e+01,3.030125382143058843e+01,2.464652032652645630e+02,3.404582297177805117e+02,4.297431919631653159e+02,2.627838823994942459e+02,3.408382218824520464e+02,1.520386681491229410e+02,4.468659047920515093e+01,1.423269947501276818e+02,2.919173368183363095e+02,8.674162294037703447e+00,5.382417267445904372e+02,3.631534000960327191e+00,4.277810441677355016e+02,1.428414235165997184e+02,1.046602936511161062e+02,2.617756436072109238e+01,1.124811691039360966e+02,3.293522272307236562e+02,2.956349075528321464e+02,4.221325500446722572e+02,4.277364791624559643e+02,2.071835168253965094e+02,2.833736923085936610e+02,3.915646165171342119e+01,5.416905120538088170e+01,5.146756409447884835e+02,1.485786343256150985e+02,2.510103779138847244e+02,6.931238170277782729e+01,1.313999700566935473e+02,5.067111326989245299e+02,5.663774794955733682e+01,3.871285176310965994e+02,8.728229405203700608e+00,4.904024890685684568e+02,4.256862794848804015e+02,3.585050125145274080e+01,1.169533232447115445e+01,1.306882400331117822e+02,5.720818817745325759e+02,3.099704992204780183e+02,3.473607612994980514e+02,3.960653554004075545e+02,1.289137713276752493e+02,2.047911722595670625e+01,1.086287960099868002e+02,7.268039957092778423e+02,3.041852737218069933e+02,2.065572206944883646e+02,2.771655562980863579e+02,6.036032115107109064e+01,6.695788385487848018e+02,5.380479668340902890e+02,2.747299420175187379e+02,7.479123634244324137e+01,1.496532317649692629e+02,2.433931293209279829e+02,1.837361913483740352e+02,6.282147882925733029e+02,3.271247256868782642e+02,2.623775319856562191e+02,8.991111112642238368e+01,3.329964742107043776e+02,2.995653596046016105e+02,1.146968484216172186e+02,1.285749474867053834e+02
4.375454170201922466e+01,1.800430221334444525e+01,6.132942920259461772e+01,1.076929562227502259e+02,9.158079433393982072e+01,4.069527369818199247e+01,4.696675340596658543e+01,4.263337636325069013e+01,4.988215306904290003e+01,2.093915725449028287e+01,3.090281488217030770e+01,1.237216262418974679e+02,1.040321409429985238e+02,1.075299645068724459e+02,1.158695845412259331e+02,6.935609215310536513e+01,1.105987167956652684e+01,3.444490510636599723e+00,9.128921761857753836e+01,4.131026827903517784e+01,1.195630184328670786e+01,1.847677838609133971e+01,1.240648034501585641e+02,2.113216056606050586e+01,1.601566091156607285e+02,1.242763563911395295e+02,4.534360451563231464e+01,2.958579409291449913e+00,1.610754522682971128e+02,1.277728848591105475e+02,1.377602128528215530e+02,9.001444070520032881e+01,1.341074955910325173e+02,1.551027880164668034e+02,1.164122614301959047e+01,6.334026493110845735e+01,5.172353135069904795e+01,3.446732096764437614e+01,2.196407610532142485e+01,1.051855455445737135e+02,9.202966418123699555e+01,1.986583749985452698e+02,5.111711198532951528e+01,7.114259170470074878e+01,7.432401467901918579e+01,6.945955489076528977e+01,1.067887133460754825e+02,8.409768267206504788e+01,2.547131670454384533e+01,7.923802062486080899e+01,4.052362753610167800e+01,1.039247357551848268e+02,4.264210019717565103e+01,6.403771834357689841e+01,8.130363156037984140e+01,9.682895031399958441e+00,6.318837936113197884e+01,4.959627353340959388e+01,2.050514704041158893e+02,1.576445286215852093e+02,8.730583879420950666e+01,1.165347827237854688e+02,2.454724444486064172e+01,6.967419823187597672e+01,3.836133674461294163e+01,1.242556616835103966e+02,1.362548938521057380e+02,7.229474710297694173e+01,1.008630356300747266e+01,1.380572020516804059e+02,1.079811626359287402e+02,1.250720504501245216e+02,7.836482906603617948e+01,1.325923880106911978e+00,3.358499400168275173e+01,1.032082047174039374e+01,7.687095233054866128e+01,5.492812944218361082e+00,1.838888200084650464e+02,2.085842518234781551e+02,1.127525191340110240e+02,1.385967878124336083e+00,7.153647520671172799e+01,2.319701088152912050e+01,3.933161337805066893e+01,4.934188615571274283e+01,6.798419600790239770e+01,5.202418683903908914e+01,3.325631855266347259e+01,4.038650077910743619e+01,1.981526372290226590e+01,5.619323292744934406e+01,4.310434443420047046e+01,1.954230108278067632e+02,3.260155866869749985e+01,5.155585002155905272e+01,8.825233483178901395e+01,7.124345557932085171e+01,1.197874657112708832e+02,4.824388574577797684e+00
1.922719635715769115e+01,5.113991001330116859e+00,8.860754855265012964e+01,8.978493437269202104e+01,2.366176753830891322e+00,1.500900064403884073e+02,2.187697809687739081e+01,9.000132295204547717e+00,6.895345783628654601e+01,3.618150348710297948e+01,1.712631703838682711e+02,8.055238387113098497e+01,2.617073696597370827e+02,1.098602348587969288e+02,4.959847331066490028e+01,6.292497728511162336e+01,2.613375713522166421e+01,9.787693198131233174e+00,1.495377989038000806e+02,3.623906556584481820e+01,9.374769305998432500e+00,1.025302617611294309e+01,1.447695393665681536e+02,2.211812232420655278e+01,4.636668439179800316e+01,2.380171515365747723e+02,4.673675404355379470e+01,8.158521495576593452e+01,1.597433887542139814e+02,3.320433925359413934e+02,8.673272390994966941e+01,1.554009996076941320e+02,1.118907411257871729e+02,5.979051547983622328e+01,5.063053880048380506e+01,1.154410148526507953e+02,2.094646931039336550e+02,7.108766270761783801e+01,5.733527534429085648e+01,1.126639128649961918e+02,1.727778714409747920e+02,1.654592650344035292e+02,1.130935439475115913e+02,2.385802253729521851e+02,1.245858039971333682e+02,4.331825150485449427e+01,4.291952865622592128e+01,1.334514953651062683e+02,1.756167753598042509e+02,2.735089896985688256e+02,2.412333903021376216e+02,6.683434869860775507e+01,5.880973828767286449e+01,1.779208326132954312e+02,2.240895200028239032e+01,1.521492743516899964e+02,1.153517392890054651e+02,5.291013531439260476e+01,2.317832404056839266e+02,1.546320139297786795e+02,2.007326791632833078e+02,7.283435494496305296e+01,3.525909229664670761e+02,5.114880986951963848e+01,1.175424057520177712e+02,1.566071876471078212e+02,2.455768067606514933e+02,5.603548868977517827e+01,1.114026015727386465e+01,1.392594707615043887e+02,6.401282963481577326e+01,8.902205223731469630e+01,5.751325796456734363e-01,8.493631379543538529e+00,1.201261228710286417e+02,1.077954948138109614e+02,2.579368031691404326e+02,5.808535558841415991e+01,1.388594727971024554e+02,8.287651383831774865e+01,2.917279492490841335e+02,7.138956184126688242e+01,3.610014253321853772e+01,2.643726477221854338e+02,7.131110940222887606e+00,9.963060102205550095e+01,1.005904328581718516e+02,1.386091114320066140e+02,2.087594779796720346e+01,9.213050067992828218e+00,4.076769097780356788e+01,4.233769677618138161e+00,9.376310470481371340e+01,1.827387878578929588e+02,1.128654586473633614e+01,4.051583192824261204e+01,1.460167421907311791e+02,2.056224132141139762e+02,2.713960930103540647e+01,1.430199649849025718e+02
1.315197714520139698e+02,5.576951543575712549e+02,7.974468847729571763e+00,1.972143320843685217e+02,9.145866479925071246e+01,5.615782848790117896e+02,3.461710569228882832e+02,3.161192522877677789e+02,1.157917714711581780e+01,5.383757300476612073e+01,9.879100507213627225e+01,1.329531547220253174e+02,4.082100149673049145e+02,4.791628255542025983e+01,2.552873486197654529e+02,3.198956991888542234e+01,5.150262493257020679e+01,1.408072125258782989e+02,2.274524942070638645e+02,4.819824108684337034e+02,4.019289029734738392e+02,2.103202713357955531e+02,6.270901432030264289e+01,1.134366435579472920e+02,3.506205218256906733e+02,8.299710875100936391e+02,3.524018753850807002e+02,1.647057322224222844e+02,1.090519468432098193e+02,4.682449398284775270e+02,2.596902933645672533e+02,1.477157364399917299e+02,1.198893185267059636e+02,4.164130608885479887e+02,2.446866226062217038e+02,1.778416292784073676e+02,1.322090118242918493e+02,1.587776417262953998e+02,5.033285523418681464e+02,4.259285454029247262e+02,5.552221805465670457e+01,2.724050240219846728e+02,1.104155081761261954e+02,3.646889548365674614e+02,4.425913663615260702e+02,6.876210382163174017e+02,1.806897427642771845e+02,2.902691218705483607e+02,4.733994559044417088e+02,4.845368420421646647e+02,5.127295226792371068e+02,2.268643310190072100e+02,2.354848402802990677e+02,2.342604223966931727e+02,5.848321440071434836e+02,9.707055655921475079e+01,2.190434019245468562e+02,1.890619297984572427e+02,2.315247522699022511e+02,5.205107442817786705e+02,4.812845248589580365e+02,2.904956066075808963e+01,5.717765262270152107e+02,5.344422098259282166e+02,4.959389910586658061e+02,4.200032604411183570e+02,5.615101356768869891e+02,1.913584189790960295e+02,4.264553888785592051e+01,2.262959215175177974e+02,2.746849402317727140e+02,4.614208053539938987e+02,5.689119124977560205e+01,2.922458405288595031e+02,3.990117856170555797e+02,1.139471064062811081e+02,1.541591920833101597e+02,2.005992926157925069e+02,2.510121393721448726e+02,8.700347358597026926e+01,4.522083044376615391e+01,3.759407655541506301e+02,2.378343568111928334e+02,1.729434169734825559e+02,1.146248841780303422e+02,3.931450749047535851e+02,2.328531112974653752e+02,5.317233558406082921e+02,6.438232522689033033e+01,1.171412259235242033e+02,2.171790987177392083e+02,1.419943455375536132e+02,5.616279508505987650e+01,8.706905760670568384e+01,5.645111659692835246e+02,3.647052378550022809e+02,6.134706491024276147e+02,4.811359903787749772e+02,1.178840672045441949e+02,1.589721522759238326e+02
1.405402196533327697e+02,5.077417883575537871e+01,2.183272761314412946e+01,8.618753186839731484e+01,4.293613274123463697e+01,1.953365764480920177e+02,9.435449511773859399e+01,6.467738763232941324e+01,6.108671349974027009e+01,1.228541686899008596e+02,7.616786167143285979e+01,1.113659175430875479e+02,5.508541668844233463e+00,1.008534200975097406e+02,9.617434537165561892e+01,1.113112103154342947e+01,6.534466912544807826e+01,5.010143143963279755e+01,1.197373920810701122e+02,1.496052614344901883e+02,9.407659247962294558e+01,8.701793943980644030e+01,1.964130611552444918e+02,6.975548163076300057e+01,5.651780834656604924e+01,1.791482065927811718e+01,1.345018811274851487e+02,1.406603706265232745e+02,1.120363928431855527e+02,1.282587390286398090e+02,7.127131540877485349e+01,5.782933173079057099e+01,4.206368817637635260e+00,1.908726371788557330e+01,1.002743193536123982e+02,3.579948959502783623e+01,1.153901356005049763e+02,1.749766219318203753e+02,4.862724054648967353e+01,1.041779083009331970e+02,1.032991989295813511e+02,4.262114283571447970e+01,8.532678642753826637e+01,9.954114914005286607e+01,1.381690678195862745e+02,8.494709697321184194e+01,1.000423187905238649e+02,1.025164171023880044e+02,1.017470868189732300e+02,3.071147174494716836e+01,9.064359900045965901e+01,8.993055144561569136e+01,1.226068501219774589e+02,1.166793238968467392e+02,1.556832371978053970e+02,1.756963823635143740e+02,4.565486252339611895e+01,9.158828271675960764e+01,6.762532955832742232e+01,2.561094910749694620e+01,8.011281925214578337e+01,8.386588215010377212e+01,7.448464278438211750e+01,3.632114371294990463e+01,1.947068779420364422e+02,5.150308096655127343e+01,1.095924268898629066e+02,8.296007361562541860e+01,1.049611366714983944e+02,3.750837552890014592e+01,4.258865142000988868e+00,8.568108233828678522e+01,4.514353400289004981e+01,4.015701005762225861e+01,1.313766086010772369e+02,5.652661419948007904e+01,8.126613798668506661e+01,5.602062628787669496e+01,8.306882358621301421e+00,2.198420744821465078e+01,1.083175376203284941e+02,1.329837669415935011e+02,1.373575605598721836e+02,8.458832478230887375e+01,5.018127386338449014e+01,1.436571010325982058e+02,1.497664111613807449e+02,1.042098084279208194e+02,1.371895854046235286e+02,6.128657907151200845e+01,1.546628748083418827e+02,7.401572458129865595e+01,6.533285540015491222e+01,5.002627443049200906e+01,9.614417331237272890e+01,1.968559476393546603e+01,1.411803003526391649e+02,7.693843163720585210e+01,6.875046327010754510e+01,3.908582694558845816e+01
3.719104521827113672e+02,1.428199505309386552e+02,3.529129880832397816e+02,1.944473171162607343e+02,9.047679025658686669e+01,1.800208661699502386e+02,1.597887781555484992e+02,1.500780809436159871e+02,3.215873844149963361e+02,7.198422112272740492e+01,4.629404115376361233e+02,2.143480280919607424e+02,9.261592033055484308e+01,1.851323486832190497e+02,3.190804902573098047e+02,1.662714159545122925e+02,3.144515435340177305e+02,3.473966901951862383e+02,3.241552524957809283e+02,3.047152130191915376e+01,2.725605167725410070e+02,1.272337698755145823e+02,2.323569799362107062e+02,2.206567921294317216e+02,1.111174148515178786e+02,1.499074596091875264e+02,6.926148328430625156e+01,2.944359488476442266e+01,2.961231005229035986e+02,1.234610053156575304e+02,2.667468708315778940e+02,9.048695975896785626e+01,4.000920178182222458e+02,1.448598178959187237e+02,3.835440922897245741e+01,1.988377101345612914e+02,3.993532540402206905e+02,2.162246509377823145e+02,2.680861718968604350e+02,6.540941635792381703e+01,1.982561174842172704e+02,2.149320515737004484e+02,2.864172649475563048e+02,2.323919945086879864e+02,2.771984108251786552e+02,3.084085084754200352e+02,2.453175281568328785e+02,1.002718288385585765e+02,2.875003784461357554e+02,2.104531202742425648e+02,2.468698429846808438e+02,4.081522030594232575e+00,2.616897235503022330e+02,2.536224466834011366e+02,1.282587275125392239e+02,4.218727263685457274e+02,1.387181283557034988e+02,2.700044494017021179e+02,1.416682980161862417e+02,1.499695067539202000e+02,2.374368793355697846e+02,2.939096611062884676e+02,2.239971519480258735e+02,2.631333424135640939e+02,2.217215517117181207e+02,2.945000368373188167e+02,2.930134038744274676e+02,2.711376586079231288e+02,1.805708599938151906e+02,4.404837213884508174e+01,2.007739329957519772e+02,3.119599372768232115e+02,4.319177806922474474e+02,2.409748591056058729e+02,1.129388967603552771e+02,1.101141876638677530e+02,8.127558379359791729e+01,1.188538651546765124e+02,4.570680744241982438e+02,1.646568044190840965e+02,6.179529449314007650e+01,3.243699074767700949e+02,2.818455604535384396e+02,7.330603886218145249e+01,5.200670681353894906e+02,2.679040008150024619e+02,3.619624549090784740e+02,1.310973182284545260e+02,3.862758779014442894e+02,1.830371879832101172e+02,6.400219174373204112e+01,3.499258494745623693e+02,1.361156443552843598e+02,4.583677419477660919e+02,1.449253231969690887e+02,2.711991960263534338e+02,1.814847827883229172e+02,4.286698321830593841e+02,6.794638008347928348e+01,3.826924977692975460e+01
1.798183109070820649e+02,6.284142317034363145e+01,1.889017541118924441e+02,5.600652510264072248e+01,3.661155489108709844e+02,3.597106352836694896e+02,1.905095088223041842e+02,1.460639784624058564e+02,1.973207743216208314e+02,1.431316746974563614e+02,1.601024855949634116e+02,3.560022470619818478e+02,3.160322621653691613e+02,2.095225267096818982e+02,1.228155457547273244e+02,1.276055305351535054e+02,3.457677476111926040e+01,3.043608231601119485e+01,2.454920150799548821e+02,4.283269933207863573e+02,9.872546105526254223e+01,1.593002082755222091e+02,3.835223622639101677e+02,2.850526606966310510e+02,1.104381876468918051e+02,4.102161525782832996e+02,3.067383817092189702e+02,3.058589014417399881e+02,2.345838690640547952e+02,2.206771971196490654e+02,9.151471349621641593e+01,1.657495559209113765e+02,3.231455944775772195e+02,2.366330301073281817e+02,2.240738983066793821e+02,3.176706022222828096e+02,1.270938072834746890e+02,1.060778154303942244e+02,3.709440383094606091e+02,1.111896458612968388e+02,7.359717667637866612e+01,3.449237907506814054e+02,1.085608478747765915e+01,2.087132583290775756e+02,2.912677635868558355e+02,7.049552167843741302e+01,3.704208927584448361e+02,1.907751383327541248e+02,4.550531550836934684e+02,1.556802061522162148e+02,3.210840794422293243e+02,1.834827830395583987e+02,1.170304549658371087e+02,1.799660355742546471e+02,1.688436400957448313e+01,3.742998067969480758e+02,1.374354611644373847e+02,1.287291856044942051e+02,2.558795952132151115e+02,7.515936207531046875e+01,5.599315130396438178e+01,5.644953397568112052e+01,1.443472205642358297e+01,8.809724813557164680e+01,3.079835369470015962e+02,7.727312957957745709e+01,3.414025633106131181e+02,4.064213757327001986e+02,1.032966519346184384e+02,1.188246754682230630e+02,1.149283814065780689e+02,2.705059997084794077e+02,2.035472539543797836e+02,4.149721869189119872e+01,3.538123937638662824e+02,1.061256905606144016e+02,2.238733037103924062e+02,1.287094810625745254e+02,1.006873819787579976e+02,1.884049023632730666e+02,3.458894042679797849e+02,1.242811451735784374e+02,3.727667287667149481e+02,4.491628096445211895e+02,1.567964661235942003e+02,2.977286335509289756e+02,4.682560320481454141e+02,3.039547033550763331e+02,2.879632583482380142e+02,2.951794285982941091e+01,8.911569981408717922e+01,3.561476175370575561e+02,3.545892797828699941e+02,2.801381356929945241e+02,2.874788556341743515e+02,5.774888253620476064e+01,2.324053937311983873e+02,2.405176596097343733e+01,1.216486008577335127e+02,2.036876900407881408e+02
1.671533723958183089e+02,2.759304068079819103e+02,2.087784018366003238e+02,1.885273200323245533e+02,6.143705786009832792e+01,2.378898173815829580e+02,2.193144465816544653e+02,2.363689696234304094e+01,1.380288772684524758e+02,3.673330609877539246e+02,2.183780755102442868e+02,9.800956951710745102e+01,2.255026728737372537e+02,3.086555003191336937e+02,2.430396272321628715e+02,2.619333481744112646e+02,8.802037903978505540e+01,8.556136599278411836e+01,1.007121422658422034e+02,9.771340964004561158e+01,2.671906483066753708e+02,2.403177613492065063e+02,1.708574042652680305e+02,4.284861663975320312e+02,1.860062458381192982e+02,2.997356726635681525e+02,3.578629055189057908e+02,2.961189592065112492e+02,2.735763128205128965e+02,1.410614536812092297e+02,2.752753661156144744e+02,1.762720741777747833e+02,5.626549542362666756e+01,4.579831834106038855e+02,6.906731246572672944e+01,2.322722315549336258e+02,3.183419743301795961e+02,1.784592328716359191e+02,1.317316471054818976e+02,1.139227879490917275e+02,2.150319628780481480e+02,2.635312776218862041e+02,1.331576218015212874e+02,2.097537936429083345e+02,1.465417679386667942e+02,3.396960813252758271e+02,3.031872933215088324e+02,7.029436359077409158e+00,9.872776190991308454e+01,1.706907784392312237e+02,3.426394109005173050e+02,1.520464674940902512e+02,3.595345359508930301e+02,3.009900347269104373e+02,7.165402616327124008e+01,2.820608633794125240e+02,4.265570340693394087e+02,6.754993655767886196e+01,1.882915132422353395e+02,1.678817267839375518e+02,4.002604351636153979e+02,1.520816827093851771e+02,2.814734889779081186e+02,2.025459853714894507e+02,2.700056565444686498e+02,4.606177936446684953e+02,1.905523931053394051e+02,1.423119259075323271e+02,4.490356564723447974e+01,1.634788135247115974e+02,3.293968412014009459e+02,2.657288130517439981e+02,3.214037582972783298e+02,1.142317180711831668e+02,2.566475686783401784e+02,5.261441218999448211e+01,4.911397292772711580e+02,2.094726938474053100e+02,5.139804559672894584e+02,3.161486517593949657e+02,1.706757933377190000e+02,3.514067346377270269e+02,4.471645030991098224e+02,3.182172323479794613e+02,1.085652605716100112e+02,9.254854211541041309e+01,1.782330708308078329e+02,1.260680944922885089e+02,1.824758899001186307e+02,1.998181980572952909e+02,3.550797150778973901e+02,3.180193765596561093e+02,2.697677867330726826e+02,3.328279802575457325e+02,1.830509085701120284e+02,1.847232117400909033e+02,3.025382029284127157e+02,2.382835560316684678e+02,2.260406275114774388e+01,4.604059369743803245e+02
2.837577856171687358e+02,6.652988267298521805e+02,2.545611515963729587e+01,1.202422878073712909e+01,2.506128307595201079e+02,3.164834968498725516e+02,1.942632769291422505e+02,5.550141033781648048e+02,4.410163408938413454e+02,9.414269383151952297e+01,3.812900729037959309e+02,3.636265701429813362e+02,1.464073624472959807e+02,2.260385915212262091e+02,4.455749470017727845e+02,1.857989657206908305e+02,2.139926936737014529e+01,3.991460225207240455e+02,4.306738454682548536e+02,4.628710154800612031e+02,4.806807422388561690e+02,1.060307357698197563e+02,2.506531675802987991e+02,3.038182038999343035e+02,5.532517574125097326e+02,5.080209800631729422e+02,9.716047729338185945e+01,7.954031724528307450e+02,3.284100702677287820e-01,3.514128699708743397e+02,5.220368092674866602e+02,6.675914847995656487e+01,1.206778946604099758e+02,3.307089387340284361e+02,3.830102974540069454e+02,9.252204628314875379e+01,5.225010899511827347e+02,4.327027095551006823e+02,4.555737288769668112e+02,2.262712411007599655e+02,2.212435564743850591e+02,3.261192746943918337e+02,6.703021574902539896e+02,1.554709560019581431e+02,2.978014508893808170e+02,3.082067499297533004e+02,4.092579869430313124e+02,4.356561528889713486e+02,2.780328893849676888e+02,2.024730430382469422e+02,3.252779094937894797e+02,5.759633452198008854e+02,4.421620512171791688e+02,3.859709205970295898e+02,1.577796443921335765e+02,5.240677413117315382e+02,1.822893182400354988e+02,5.053087983438909987e+02,2.528741054895102707e+02,1.859977797653225764e+02,6.122018558153949925e+02,7.277187112905212985e+01,1.790304825683623235e+01,5.503817015234599239e+02,2.802246616786463278e+02,5.250975435432040967e+02,5.962985020313345785e+02,4.020864485188788251e+01,8.623219609097051261e+02,3.571106456765038502e+02,5.229643983679535495e+02,1.748464117177217645e+02,8.897249952292185071e+01,1.721888665046223252e+02,3.585907986068722266e+02,3.419626933578803119e+02,6.351562302800099360e+02,5.079588812909314015e+02,6.746028493353785507e+02,4.243330739886531546e+02,3.725881737119494801e+02,4.206650433177671289e+02,2.027132578886017029e+02,3.649440289238371520e+02,1.759520911592921522e+01,6.154336847438701170e+02,2.263482882760437747e+02,2.104391596214331628e+02,6.697583387436792179e+01,2.742441228158014610e+02,3.313665800924307518e+02,6.647714794561904910e+02,3.824117797058442534e+02,4.146783429712364750e+02,4.008631017949695092e+02,2.868701380582274965e+02,3.902872834925444181e+02,5.052876602046028438e+02,3.260226206722683884e+01,5.220462848510402409e+02
